

omega_0 = 0.7823;
